3593
100131609
629
64332
2294
7919
5747
56169
7917
7916
401250
5820
4234
84769
60468
3122
10892
3120
3127
3559
7412
10665
267015
267016
5788
10919
965
352961
678
4276
160365
717
54207
677
5460
1591
11262
3132
8477
100189469
131368
3087
5594
868
54806
554251
79970
6565
2315
5796
6891
921
116379
923
56244
199
7936
10538
352997
116935
221527
729816
4277
353002
100133941
6148
8449
253018
4280
2135
3109
3118
3575
3106
3107
100130889
8320
8740
22898
3112
5491
147
387122
23498
3117
440836
170679
53832
117289
10461
23095
4855
152100
359758
1041
7148
3394
3119
1594
6774
7132
942
27120
148867
5341
3123
644020
54536
